maxij1820_xspec_output_201104.ecsv
# %ECSV 0.9
# ---
# datatype:
# - {name: x, unit: Hz, datatype: float64}
# - {name: y, unit: erg/(cm2 s) , datatype: float64}
# - {name: dx, unit: Hz , datatype: float64}
# - {name: dy, unit: erg/(cm2 s) ,datatype: float64}
# - {name: UL, datatype: bool}
# - {name: data_set, datatype: string}
# meta: !!omap
# - {z: 0.0000000000001 }
# - {restframe: obs}
# - {data_scale: lin-lin}
# - {obj_name: '1642p3948,MAXI J1820+070'}
# schema: astropy-2.0
x y dx dy UL data_set

5.3249500e+14   4.2760200e-10   4.9997900e+11   1.5975200e-12 False -1
5.7649400e+14   4.7904900e-10   5.0000700e+11   2.8823700e-12 False -1
6.2749400e+14   5.4467600e-10   4.9997900e+11   1.8825200e-12 False -1
7.0049300e+14   6.6684600e-10   5.0000700e+11   4.9733200e-11 False -1
1.5598800e+15   1.8057500e-09   4.9999600e+12   7.7993500e-11 False -1
1.2917500e+17   7.3857400e-09   6.7711500e+15   4.3927900e-10 False -1
1.4022700e+17   8.0561900e-09   4.2804100e+15   6.2198000e-10 False -1
1.4937300e+17   7.6569000e-09   4.8660300e+15   5.7644600e-10 False -1
1.5907900e+17   7.5147200e-09   4.8399200e+15   6.4371500e-10 False -1
1.6813400e+17   9.9313200e-09   4.2147500e+15   6.6356500e-10 False -1
1.7654600e+17   9.8469900e-09   4.1974700e+15   6.7789500e-10 False -1
1.8492500e+17   9.9631100e-09   4.1815100e+15   7.8277400e-10 False -1
1.9327400e+17   1.0817400e-08   4.1670000e+15   7.5005500e-10 False -1
2.0218700e+17   1.1785300e-08   4.7462200e+15   7.5447500e-10 False -1
2.1107400e+17   1.4438100e-08   4.1408800e+15   1.0096100e-09 False -1
2.1934600e+17   1.1546500e-08   4.1309700e+15   9.5337200e-10 False -1
2.2818800e+17   9.5703700e-09   4.7110400e+15   1.1029700e-09 False -1
2.3760200e+17   1.0884600e-08   4.7027000e+15   1.1090700e-09 False -1
2.4758600e+17   1.3061300e-08   5.2820500e+15   1.0456300e-09 False -1
2.5755900e+17   1.1061700e-08   4.6908400e+15   8.7450100e-10 False -1
2.6693900e+17   1.6440300e-08   4.6884500e+15   1.0960200e-09 False -1
2.7689900e+17   1.3209300e-08   5.2723700e+15   9.5329600e-10 False -1
2.8686000e+17   1.0914500e-08   4.6884300e+15   1.1094600e-09 False -1
2.9623900e+17   1.0036600e-08   4.6908500e+15   1.5367500e-09 False -1
3.0562400e+17   1.1597900e-08   4.6932700e+15   1.0251200e-09 False -1
3.1560400e+17   1.0610500e-08   5.2868700e+15   9.4903200e-10 False -1
3.2618300e+17   1.2822900e-08   5.2929400e+15   1.0723000e-09 False -1
3.3736700e+17   1.2203900e-08   5.8901600e+15   1.0205400e-09 False -1
3.4856800e+17   1.1749300e-08   5.3110700e+15   1.2967200e-09 False -1
3.5860600e+17   1.2904600e-08   4.7271100e+15   1.2360400e-09 False -1
3.6925500e+17   1.1336000e-08   5.9216000e+15   1.0664100e-09 False -1
3.7992200e+17   1.1210400e-08   4.7452600e+15   1.2231600e-09 False -1
3.9060900e+17   1.0335000e-08   5.9421500e+15   1.0775000e-09 False -1
4.0190800e+17   1.1516200e-08   5.3570000e+15   1.2276300e-09 False -1
4.1322800e+17   9.9717900e-09   5.9627000e+15   1.1079800e-09 False -1
4.2396800e+17   1.1774700e-08   4.7779000e+15   1.7855600e-09 False -1
4.3472700e+17   1.2691500e-08   5.9808400e+15   1.3160500e-09 False -1
4.4609900e+17   1.1773400e-08   5.3908400e+15   1.4071900e-09 False -1
4.5868700e+17   9.3474000e-09   7.1970800e+15   2.0841500e-09 False -1
4.7369300e+17   1.2746100e-08   7.8088200e+15   1.3435600e-09 False -1
4.8932000e+17   1.1848000e-08   7.8185000e+15   1.7156900e-09 False -1
5.0436300e+17   1.4159900e-08   7.2248900e+15   1.5733200e-09 False -1
5.1761400e+17   1.1755000e-08   6.0255700e+15   1.6301200e-09 False -1
5.3087500e+17   1.1914500e-08   7.2357600e+15   1.5921400e-09 False -1
5.4474700e+17   1.5370300e-08   6.6361200e+15   2.0725300e-09 False -1
5.6104000e+17   1.1154100e-08   9.6573200e+15   2.3284300e-09 False -1
5.7613200e+17   1.1578500e-08   5.4343800e+15   2.3156900e-09 False -1
5.8700200e+17   1.2350800e-08   5.4355900e+15   2.4221900e-09 False -1
6.0210400e+17   1.5060300e-08   9.6658300e+15   2.0307300e-09 False -1
6.1781100e+17   1.2221800e-08   6.0412700e+15   2.3520900e-09 False -1
6.2929100e+17   1.3423200e-08   5.4392200e+15   2.6325100e-09 False -1
6.4077300e+17   1.1971800e-08   6.0424900e+15   2.3943500e-09 False -1
6.5285900e+17   1.2966700e-08   6.0437000e+15   2.5429800e-09 False -1
6.6555100e+17   1.2865200e-08   6.6482000e+15   2.4759000e-09 False -1
6.8126500e+17   1.0292700e-08   9.0661600e+15   1.9451500e-09 False -1
6.9637600e+17   1.4243700e-08   6.0449100e+15   2.8487400e-09 False -1
7.1028000e+17   1.1679000e-08   7.8583900e+15   2.2904500e-09 False -1
7.2478600e+17   1.3634100e-08   6.6482000e+15   2.7268300e-09 False -1
7.4292000e+17   1.5270900e-08   1.1485300e+16   3.2398500e-09 False -1
7.6226300e+17   1.3183000e-08   7.8583900e+15   2.5853900e-09 False -1
7.7798000e+17   1.3240100e-08   7.8583900e+15   2.6480100e-09 False -1
7.9369700e+17   1.4313700e-08   7.8583900e+15   2.8071500e-09 False -1
8.1001800e+17   1.3260100e-08   8.4628700e+15   2.6520100e-09 False -1
8.2754900e+17   1.3922000e-08   9.0673700e+15   2.6793000e-09 False -1
8.4810100e+17   1.0643600e-08   1.1485300e+16   2.1287300e-09 False -1
8.6804900e+17   1.6799600e-08   8.4628700e+15   3.1748300e-09 False -1
8.8618400e+17   1.4125700e-08   9.6718500e+15   2.7702700e-09 False -1
9.0492300e+17   1.5018200e-08   9.0673700e+15   3.0036400e-09 False -1
9.2245400e+17   1.2264300e-08   8.4628700e+15   5.5356400e-09 False -1
9.4482000e+17   1.1051100e-08   1.3903300e+16   2.1673000e-09 False -1
9.7081300e+17   1.2850400e-08   1.2089800e+16   2.5700900e-09 False -1
9.9076100e+17   1.5915700e-08   7.8583900e+15   6.8623900e-09 False -1
1.0070800e+18   1.9661100e-08   8.4628400e+15   3.9322200e-09 False -1
1.0306600e+18   1.1950900e-08   1.5112300e+16   2.3437700e-09 False -1
1.0584600e+18   1.4407100e-08   1.2694300e+16   2.8814300e-09 False -1
1.0826400e+18   1.7329700e-08   1.1485400e+16   3.3986400e-09 False -1
1.1068200e+18   1.5763900e-08   1.2694300e+16   3.1527800e-09 False -1
1.1304000e+18   1.9186400e-08   1.0880800e+16   3.8372900e-09 False -1
1.1509500e+18   2.3260600e-08   9.6719100e+15   4.5617700e-09 False -1
1.1739200e+18   1.6907600e-08   1.3298800e+16   3.3815200e-09 False -1
1.2077700e+18   1.1604500e-08   2.0552700e+16   2.3209000e-09 False -1
1.2476700e+18   1.3272400e-08   1.9343700e+16   2.6544800e-09 False -1
1.2839400e+18   1.6169800e-08   1.6925800e+16   3.2339600e-09 False -1
1.3177900e+18   1.7079400e-08   1.6925700e+16   3.4158800e-09 False -1
1.3522500e+18   1.7486200e-08   1.7530200e+16   3.4972300e-09 False -1
1.3915400e+18   1.5116200e-08   2.1761700e+16   3.0232500e-09 False -1
1.4320400e+18   1.8882000e-08   1.8739300e+16   3.7763900e-09 False -1
1.4689100e+18   1.5307100e-08   1.8134700e+16   6.9090400e-09 False -1
1.5045800e+18   1.6863600e-08   1.7530200e+16   7.6115900e-09 False -1
1.5468900e+18   1.2885600e-08   2.4784100e+16   5.8160600e-09 False -1
1.5994800e+18   1.8024800e-08   2.7806600e+16   3.5349500e-09 False -1
1.6551000e+18   9.9751400e-09   2.7806600e+16   8.3339500e-09 False -1
1.7209900e+18   1.2099300e-08   3.8083000e+16   5.4611700e-09 False -1
1.7892900e+18   2.4354400e-08   3.0224600e+16   4.8708800e-09 False -1
1.8606200e+18   2.1114400e-08   4.1105400e+16   4.2228700e-09 False -1
1.9579500e+18   1.9304600e-08   5.6217700e+16   3.8609300e-09 False -1
2.0776400e+18   2.3354700e-08   6.3471500e+16   4.5802400e-09 False -1
2.2511300e+18   1.9146500e-08   1.1001800e+17   3.8293100e-09 False -1
2.9940500e+18   2.2753700e-08   6.3290200e+17   4.1542500e-09 False -1
8.5233300e+18   4.0884000e-08   1.0276400e+18   1.2270300e-09 False -1
1.0820400e+19   4.3872300e-08   1.2694300e+18   1.3168600e-09 False -1
1.3540600e+19   4.4291800e-08   1.4507800e+18   1.3299200e-09 False -1
1.6865300e+19   4.4440000e-08   1.8739200e+18   1.3348800e-09 False -1
2.1157200e+19   4.2140500e-08   2.4179600e+18   1.2666300e-09 False -1
2.6537200e+19   3.5996600e-08   2.9620100e+18   1.0842800e-09 False -1
3.3247000e+19   2.8303100e-08   3.7478500e+18   8.6424200e-10 False -1
4.2072600e+19   2.0755800e-08   5.0777300e+18   6.8930400e-10 False -1
5.2953400e+19   1.4146500e-08   5.8031200e+18   7.3436500e-10 False -1
6.6070900e+19   9.3912200e-09   7.3143400e+18   1.1225200e-09 False -1
8.3178000e+19   6.3188800e-09   9.7927600e+18   1.8779500e-09 False -1
 