maxij1820_sed_diskir_fit_rirr_fixed_jetset_deabs.ecsv
# %ECSV 0.9
# ---
# datatype:
# - {name: x, unit: Hz, datatype: float64}
# - {name: y, unit: erg/(cm2 s) , datatype: float64}
# - {name: dx, unit: Hz , datatype: float64}
# - {name: dy, unit: erg/(cm2 s) ,datatype: float64}
# - {name: UL, datatype: bool}
# - {name: data_set, datatype: string}
# meta: !!omap
# - {z: 0.0000000000001 }
# - {restframe: obs}
# - {data_scale: lin-lin}
# - {obj_name: '1642p3948,MAXI J1820+070'}
# schema: astropy-2.0
x y dx dy UL data_set


1.29175e+17 1.83204e-08 6.77115e+15 4.38457e-10 False  -1
1.40227e+17 1.84816e-08 4.28041e+15 6.21289e-10 False  -1
1.49373e+17 1.85642e-08 4.86603e+15 5.76058e-10 False  -1
1.59079e+17 1.85875e-08 4.83992e+15 6.43518e-10 False  -1
1.68134e+17 1.85505e-08 4.21475e+15 6.635e-10 False  -1
1.76546e+17 1.84681e-08 4.19747e+15 6.77899e-10 False  -1
1.84925e+17 1.83432e-08 4.18151e+15 7.82815e-10 False  -1
1.93274e+17 1.81836e-08 4.167e+15 7.50099e-10 False  -1
2.02187e+17 1.7975e-08 4.74622e+15 7.54504e-10 False  -1
2.11074e+17 1.77338e-08 4.14088e+15 1.00961e-09 False  -1
2.19346e+17 1.74886e-08 4.13097e+15 9.53334e-10 False  -1
2.28188e+17 1.7206e-08 4.71104e+15 1.10288e-09 False  -1
2.37602e+17 1.68892e-08 4.7027e+15 1.10893e-09 False  -1
2.47586e+17 1.6543e-08 5.28205e+15 1.04545e-09 False  -1
2.57559e+17 1.61923e-08 4.69084e+15 8.74301e-10 False  -1
2.66939e+17 1.58646e-08 4.68845e+15 1.09572e-09 False  -1
2.76899e+17 1.5524e-08 5.27237e+15 9.52996e-10 False  -1
2.8686e+17 1.51958e-08 4.68843e+15 1.1091e-09 False  -1
2.96239e+17 1.49013e-08 4.69085e+15 1.53623e-09 False  -1
3.05624e+17 1.46219e-08 4.69327e+15 1.02478e-09 False  -1
3.15604e+17 1.43464e-08 5.28687e+15 9.48742e-10 False  -1
3.26183e+17 1.40759e-08 5.29294e+15 1.07202e-09 False  -1
3.37367e+17 1.38193e-08 5.89016e+15 1.02031e-09 False  -1
3.48568e+17 1.35878e-08 5.31107e+15 1.29652e-09 False  -1
3.58606e+17 1.3406e-08 4.72711e+15 1.23593e-09 False  -1
3.69255e+17 1.32376e-08 5.9216e+15 1.06637e-09 False  -1
3.79922e+17 1.30958e-08 4.74526e+15 1.22295e-09 False  -1
3.90609e+17 1.29322e-08 5.94215e+15 1.07778e-09 False  -1
4.01908e+17 1.2822e-08 5.357e+15 1.22809e-09 False  -1
4.13228e+17 1.27573e-08 5.9627e+15 1.10825e-09 False  -1
4.23968e+17 1.26996e-08 4.7779e+15 1.7857e-09 False  -1
4.34727e+17 1.26469e-08 5.98084e+15 1.3164e-09 False  -1
4.46099e+17 1.26059e-08 5.39084e+15 1.40767e-09 False  -1
4.58687e+17 1.25663e-08 7.19708e+15 2.085e-09 False  -1
4.73693e+17 1.25487e-08 7.80882e+15 1.34435e-09 False  -1
4.8932e+17 1.25533e-08 7.8185e+15 1.71662e-09 False  -1
5.04363e+17 1.25679e-08 7.22489e+15 1.57419e-09 False  -1
5.17614e+17 1.25878e-08 6.02557e+15 1.63102e-09 False  -1
5.30875e+17 1.2632e-08 7.23576e+15 1.59285e-09 False  -1
5.44747e+17 1.2667e-08 6.63612e+15 2.07346e-09 False  -1
5.6104e+17 1.27178e-08 9.65732e+15 2.32982e-09 False  -1
5.76132e+17 1.27677e-08 5.43438e+15 2.31735e-09 False  -1
5.87002e+17 1.28039e-08 5.43559e+15 2.42408e-09 False  -1
6.02104e+17 1.28651e-08 9.66583e+15 2.03221e-09 False  -1
6.17811e+17 1.29318e-08 6.04127e+15 2.35368e-09 False  -1
6.29291e+17 1.29733e-08 5.43922e+15 2.63417e-09 False  -1
6.40773e+17 1.30158e-08 6.04249e+15 2.39573e-09 False  -1
6.52859e+17 1.307e-08 6.0437e+15 2.54438e-09 False  -1
6.65551e+17 1.3122e-08 6.6482e+15 2.47721e-09 False  -1
6.81265e+17 1.31868e-08 9.06616e+15 1.94618e-09 False  -1
6.96376e+17 1.32488e-08 6.04491e+15 2.85023e-09 False  -1
7.1028e+17 1.33089e-08 7.85839e+15 2.2916e-09 False  -1
7.24786e+17 1.33608e-08 6.6482e+15 2.72804e-09 False  -1
7.4292e+17 1.34393e-08 1.14853e+16 3.2412e-09 False  -1
7.62263e+17 1.35112e-08 7.85839e+15 2.58633e-09 False  -1
7.7798e+17 1.35762e-08 7.85839e+15 2.64896e-09 False  -1
7.93697e+17 1.36395e-08 7.85839e+15 2.80816e-09 False  -1
8.10018e+17 1.36967e-08 8.46287e+15 2.65285e-09 False  -1
8.27549e+17 1.37654e-08 9.06737e+15 2.68013e-09 False  -1
8.48101e+17 1.38433e-08 1.14853e+16 2.12936e-09 False  -1
8.68049e+17 1.39117e-08 8.46287e+15 3.17564e-09 False  -1
8.86184e+17 1.39817e-08 9.67185e+15 2.771e-09 False  -1
9.04923e+17 1.40462e-08 9.06737e+15 3.00439e-09 False  -1
9.22454e+17 1.41051e-08 8.46287e+15 5.53683e-09 False  -1
9.4482e+17 1.41844e-08 1.39033e+16 2.16775e-09 False  -1
9.70813e+17 1.42738e-08 1.20898e+16 2.57059e-09 False  -1
9.90761e+17 1.43364e-08 7.85839e+15 6.86358e-09 False  -1
1.00708e+18 1.43942e-08 8.46284e+15 3.93292e-09 False  -1
1.03066e+18 1.44668e-08 1.51123e+16 2.34413e-09 False  -1
1.05846e+18 1.45562e-08 1.26943e+16 2.88183e-09 False  -1
1.08264e+18 1.46318e-08 1.14854e+16 3.39908e-09 False  -1
1.10682e+18 1.47055e-08 1.26943e+16 3.15316e-09 False  -1
1.1304e+18 1.4777e-08 1.08808e+16 3.83772e-09 False  -1
1.15095e+18 1.48394e-08 9.67191e+15 4.56229e-09 False  -1
1.17392e+18 1.49039e-08 1.32988e+16 3.38183e-09 False  -1
1.20777e+18 1.50019e-08 2.05527e+16 2.32109e-09 False  -1
1.24767e+18 1.51145e-08 1.93437e+16 2.65465e-09 False  -1
1.28394e+18 1.52145e-08 1.69258e+16 3.23415e-09 False  -1
1.31779e+18 1.53065e-08 1.69257e+16 3.41607e-09 False  -1
1.35225e+18 1.53961e-08 1.75302e+16 3.49735e-09 False  -1
1.39154e+18 1.54985e-08 2.17617e+16 3.02333e-09 False  -1
1.43204e+18 1.56024e-08 1.87393e+16 3.77649e-09 False  -1
1.46891e+18 1.56934e-08 1.81347e+16 6.90914e-09 False  -1
1.50458e+18 1.57798e-08 1.75302e+16 7.61164e-09 False  -1
1.54689e+18 1.58818e-08 2.47841e+16 5.81603e-09 False  -1
1.59948e+18 1.60048e-08 2.78066e+16 3.53486e-09 False  -1
1.6551e+18 1.61325e-08 2.78066e+16 8.33368e-09 False  -1
1.72099e+18 1.62781e-08 3.8083e+16 5.46085e-09 False  -1
1.78929e+18 1.64261e-08 3.02246e+16 4.87059e-09 False  -1
1.86062e+18 1.65756e-08 4.11054e+16 4.22254e-09 False  -1
1.95795e+18 1.67721e-08 5.62177e+16 3.86048e-09 False  -1
2.07764e+18 1.7005e-08 6.34715e+16 4.57962e-09 False  -1
2.25113e+18 1.73211e-08 1.10018e+17 3.82805e-09 False  -1
2.99405e+18 1.83612e-08 6.32902e+17 4.10877e-09 False  -1
4.42496e+14 3.29316e-10 5.00007e+11 1.32748e-12 False  -1
4.87495e+14 3.79345e-10 5.00007e+11 2.43739e-12 False  -1
5.15495e+14 4.10795e-10 4.99979e+11 1.03101e-12 False  -1
5.32495e+14 4.30017e-10 4.99979e+11 1.59752e-12 False  -1
5.76494e+14 4.80255e-10 5.00007e+11 2.88237e-12 False  -1
6.27494e+14 5.39446e-10 4.99979e+11 1.88252e-12 False  -1
7.00493e+14 6.26145e-10 5.00007e+11 4.97332e-11 False  -1
1.55988e+15 1.81835e-09 4.99996e+12 7.79935e-11 False  -1
8.52333e+18 4.18264e-08 1.02764e+18 1.22825e-09 False  -1
1.08204e+19 4.29994e-08 1.26943e+18 1.31774e-09 False  -1
1.35406e+19 4.35024e-08 1.45078e+18 1.32974e-09 False  -1
1.68653e+19 4.2991e-08 1.87392e+18 1.3333e-09 False  -1
2.11572e+19 4.08153e-08 2.41796e+18 1.26617e-09 False  -1
2.65372e+19 3.65872e-08 2.96201e+18 1.08794e-09 False  -1
3.3247e+19 3.03357e-08 3.74785e+18 8.74937e-10 False  -1
4.20726e+19 2.23086e-08 5.07773e+18 7.11331e-10 False  -1
5.29534e+19 1.41251e-08 5.80312e+18 7.86401e-10 False  -1
6.60709e+19 7.60109e-09 7.31434e+18 1.271e-09 False  -1
8.3178e+19 3.14404e-09 9.79276e+18 2.31821e-09 False  -1
