maxij1820_sed_diskir_fit_rirr_fixed_200906_noabs.ecsv
# %ECSV 0.9
# ---
# datatype:
# - {name: x, unit: Hz, datatype: float64}
# - {name: y, unit: erg/(cm2 s) , datatype: float64}
# - {name: dx, unit: Hz , datatype: float64}
# - {name: dy, unit: erg/(cm2 s) ,datatype: float64}
# - {name: UL, datatype: bool}
# - {name: data_set, datatype: string}
# meta: !!omap
# - {z: 0.0000000000001 }
# - {restframe: obs}
# - {data_scale: lin-lin}
# - {obj_name: '1642p3948,MAXI J1820+070'}
# schema: astropy-2.0
x y dx dy UL data_set


1.29175e+17 6.94113e-09 6.77115e+15 4.2891e-10 False  -1
1.40227e+17 6.4029e-09 4.28041e+15 5.43116e-10 False  -1
1.49373e+17 7.5268e-09 4.86603e+15 5.42319e-10 False  -1
1.59079e+17 8.63194e-09 4.83992e+15 6.26472e-10 False  -1
1.68134e+17 9.55638e-09 4.21475e+15 6.63075e-10 False  -1
1.76546e+17 9.81838e-09 4.19747e+15 6.62405e-10 False  -1
1.84925e+17 1.02777e-08 4.18151e+15 7.6799e-10 False  -1
1.93274e+17 1.08439e-08 4.167e+15 7.46343e-10 False  -1
2.02187e+17 1.13497e-08 4.74622e+15 7.6108e-10 False  -1
2.11074e+17 1.13483e-08 4.14088e+15 1.00017e-09 False  -1
2.19346e+17 1.14432e-08 4.13097e+15 9.40843e-10 False  -1
2.28188e+17 1.17287e-08 4.71104e+15 1.09845e-09 False  -1
2.37602e+17 1.1961e-08 4.7027e+15 1.10772e-09 False  -1
2.47586e+17 1.21331e-08 5.28205e+15 1.045e-09 False  -1
2.57559e+17 1.22442e-08 4.69084e+15 8.74058e-10 False  -1
2.66939e+17 1.22977e-08 4.68845e+15 1.09504e-09 False  -1
2.76899e+17 1.23216e-08 5.27237e+15 9.52439e-10 False  -1
2.8686e+17 1.23164e-08 4.68843e+15 1.10843e-09 False  -1
2.96239e+17 1.22903e-08 4.69085e+15 1.53558e-09 False  -1
3.05624e+17 1.22495e-08 4.69327e+15 1.02534e-09 False  -1
3.15604e+17 1.21543e-08 5.28687e+15 9.48192e-10 False  -1
3.26183e+17 1.20259e-08 5.29294e+15 1.06839e-09 False  -1
3.37367e+17 1.19699e-08 5.89016e+15 1.01865e-09 False  -1
3.48568e+17 1.19148e-08 5.31107e+15 1.29501e-09 False  -1
3.58606e+17 1.18717e-08 4.72711e+15 1.23468e-09 False  -1
3.69255e+17 1.18326e-08 5.9216e+15 1.06549e-09 False  -1
3.79922e+17 1.18014e-08 4.74526e+15 1.22173e-09 False  -1
3.90609e+17 1.17416e-08 5.94215e+15 1.07665e-09 False  -1
4.01908e+17 1.17265e-08 5.357e+15 1.22681e-09 False  -1
4.13228e+17 1.17441e-08 5.9627e+15 1.10714e-09 False  -1
4.23968e+17 1.1759e-08 4.7779e+15 1.78459e-09 False  -1
4.34727e+17 1.1771e-08 5.98084e+15 1.3168e-09 False  -1
4.46099e+17 1.17574e-08 5.39084e+15 1.40638e-09 False  -1
4.58687e+17 1.17455e-08 7.19708e+15 2.08063e-09 False  -1
4.73693e+17 1.17959e-08 7.80882e+15 1.34282e-09 False  -1
4.8932e+17 1.18631e-08 7.8185e+15 1.71522e-09 False  -1
5.04363e+17 1.19316e-08 7.22489e+15 1.57325e-09 False  -1
5.17614e+17 1.19942e-08 6.02557e+15 1.63042e-09 False  -1
5.30875e+17 1.20754e-08 7.23576e+15 1.59257e-09 False  -1
5.44747e+17 1.21472e-08 6.63612e+15 2.07338e-09 False  -1
5.6104e+17 1.22363e-08 9.65732e+15 2.32931e-09 False  -1
5.76132e+17 1.23189e-08 5.43438e+15 2.31657e-09 False  -1
5.87002e+17 1.23765e-08 5.43559e+15 2.42384e-09 False  -1
6.02104e+17 1.24502e-08 9.66583e+15 2.03113e-09 False  -1
6.17811e+17 1.25335e-08 6.04127e+15 2.3522e-09 False  -1
6.29291e+17 1.25936e-08 5.43922e+15 2.63314e-09 False  -1
6.40773e+17 1.26536e-08 6.04249e+15 2.39504e-09 False  -1
6.52859e+17 1.27244e-08 6.0437e+15 2.54376e-09 False  -1
6.65551e+17 1.2793e-08 6.6482e+15 2.47669e-09 False  -1
6.81265e+17 1.28767e-08 9.06616e+15 1.94577e-09 False  -1
6.96376e+17 1.29555e-08 6.04491e+15 2.84964e-09 False  -1
7.1028e+17 1.30299e-08 7.85839e+15 2.29117e-09 False  -1
7.24786e+17 1.30964e-08 6.6482e+15 2.72765e-09 False  -1
7.4292e+17 1.31908e-08 1.14853e+16 3.24084e-09 False  -1
7.62263e+17 1.32791e-08 7.85839e+15 2.58629e-09 False  -1
7.7798e+17 1.33527e-08 7.85839e+15 2.64858e-09 False  -1
7.93697e+17 1.34261e-08 7.85839e+15 2.80779e-09 False  -1
8.10018e+17 1.34944e-08 8.46287e+15 2.65265e-09 False  -1
8.27549e+17 1.35739e-08 9.06737e+15 2.67996e-09 False  -1
8.48101e+17 1.36635e-08 1.14853e+16 2.12923e-09 False  -1
8.68049e+17 1.37427e-08 8.46287e+15 3.1755e-09 False  -1
8.86184e+17 1.38215e-08 9.67185e+15 2.77087e-09 False  -1
9.04923e+17 1.38945e-08 9.06737e+15 3.00429e-09 False  -1
9.22454e+17 1.39609e-08 8.46287e+15 5.53668e-09 False  -1
9.4482e+17 1.40489e-08 1.39033e+16 2.16772e-09 False  -1
9.70813e+17 1.41471e-08 1.20898e+16 2.57059e-09 False  -1
9.90761e+17 1.42145e-08 7.85839e+15 6.86317e-09 False  -1
1.00708e+18 1.42773e-08 8.46284e+15 3.93281e-09 False  -1
1.03066e+18 1.43569e-08 1.51123e+16 2.3441e-09 False  -1
1.05846e+18 1.44537e-08 1.26943e+16 2.8818e-09 False  -1
1.08264e+18 1.45352e-08 1.14854e+16 3.39906e-09 False  -1
1.10682e+18 1.46144e-08 1.26943e+16 3.15314e-09 False  -1
1.1304e+18 1.46909e-08 1.08808e+16 3.8377e-09 False  -1
1.15095e+18 1.47573e-08 9.67191e+15 4.56227e-09 False  -1
1.17392e+18 1.4826e-08 1.32988e+16 3.38182e-09 False  -1
1.20777e+18 1.49297e-08 2.05527e+16 2.32109e-09 False  -1
1.24767e+18 1.50483e-08 1.93437e+16 2.65466e-09 False  -1
1.28394e+18 1.51532e-08 1.69258e+16 3.23416e-09 False  -1
1.31779e+18 1.52493e-08 1.69257e+16 3.41608e-09 False  -1
1.35225e+18 1.53428e-08 1.75302e+16 3.49737e-09 False  -1
1.39154e+18 1.5449e-08 2.17617e+16 3.02335e-09 False  -1
1.43204e+18 1.55567e-08 1.87393e+16 3.77652e-09 False  -1
1.46891e+18 1.56503e-08 1.81347e+16 6.90914e-09 False  -1
1.50458e+18 1.57395e-08 1.75302e+16 7.61168e-09 False  -1
1.54689e+18 1.58444e-08 2.47841e+16 5.81607e-09 False  -1
1.59948e+18 1.59706e-08 2.78066e+16 3.53488e-09 False  -1
1.6551e+18 1.61013e-08 2.78066e+16 8.3339e-09 False  -1
1.72099e+18 1.62341e-08 3.8083e+16 5.46066e-09 False  -1
1.78929e+18 1.63704e-08 3.02246e+16 4.87051e-09 False  -1
1.86062e+18 1.6525e-08 4.11054e+16 4.22258e-09 False  -1
1.95795e+18 1.67276e-08 5.62177e+16 3.86054e-09 False  -1
2.07764e+18 1.69657e-08 6.34715e+16 4.57964e-09 False  -1
2.25113e+18 1.72888e-08 1.10018e+17 3.82812e-09 False  -1
2.99405e+18 1.83434e-08 6.32902e+17 4.10997e-09 False  -1
8.52333e+18 4.18423e-08 1.02764e+18 1.22825e-09 False  -1
1.08204e+19 4.30167e-08 1.26943e+18 1.31774e-09 False  -1
1.35406e+19 4.35203e-08 1.45078e+18 1.32974e-09 False  -1
1.68653e+19 4.3009e-08 1.87392e+18 1.3333e-09 False  -1
2.11572e+19 4.08324e-08 2.41796e+18 1.26617e-09 False  -1
2.65372e+19 3.66027e-08 2.96201e+18 1.08794e-09 False  -1
3.3247e+19 3.03486e-08 3.74785e+18 8.74937e-10 False  -1
4.20726e+19 2.23181e-08 5.07773e+18 7.11331e-10 False  -1
5.29534e+19 1.4131e-08 5.80312e+18 7.86401e-10 False  -1
6.60709e+19 7.6043e-09 7.31434e+18 1.271e-09 False  -1
8.3178e+19 3.14537e-09 9.79276e+18 2.31821e-09 False  -1
4.42496e+14 3.29025e-10 5.00007e+11 1.32748e-12 False  -1
4.87495e+14 3.79011e-10 5.00007e+11 2.43739e-12 False  -1
5.15495e+14 4.10432e-10 4.99979e+11 1.03101e-12 False  -1
5.32495e+14 4.29638e-10 4.99979e+11 1.59752e-12 False  -1
5.76494e+14 4.79832e-10 5.00007e+11 2.88237e-12 False  -1
6.27494e+14 5.3897e-10 4.99979e+11 1.88252e-12 False  -1
7.00493e+14 6.25593e-10 5.00007e+11 4.97332e-11 False  -1
1.55988e+15 1.53974e-09 4.99996e+12 7.79935e-11 False  -1
