maxij1820_sed_diskir_po_fit_rirr_fixed_jetset_deabs.ecsv
# %ECSV 0.9
# ---
# datatype:
# - {name: x, unit: Hz, datatype: float64}
# - {name: y, unit: erg/(cm2 s) , datatype: float64}
# - {name: dx, unit: Hz , datatype: float64}
# - {name: dy, unit: erg/(cm2 s) ,datatype: float64}
# - {name: UL, datatype: bool}
# - {name: data_set, datatype: string}
# meta: !!omap
# - {z: 0.0000000000001 }
# - {restframe: obs}
# - {data_scale: lin-lin}
# - {obj_name: '1642p3948,MAXI J1820+070'}
# schema: astropy-2.0
x y dx dy UL data_set


1.29175e+17 1.8478e-08 6.77115e+15 4.39072e-10 False  -1
1.40227e+17 1.85711e-08 4.28041e+15 6.21733e-10 False  -1
1.49373e+17 1.86103e-08 4.86603e+15 5.76247e-10 False  -1
1.59079e+17 1.85984e-08 4.83992e+15 6.43529e-10 False  -1
1.68134e+17 1.85393e-08 4.21475e+15 6.63416e-10 False  -1
1.76546e+17 1.84445e-08 4.19747e+15 6.77773e-10 False  -1
1.84925e+17 1.83141e-08 4.18151e+15 7.82664e-10 False  -1
1.93274e+17 1.81543e-08 4.167e+15 7.49976e-10 False  -1
2.02187e+17 1.79501e-08 4.74622e+15 7.54428e-10 False  -1
2.11074e+17 1.77161e-08 4.14088e+15 1.00958e-09 False  -1
2.19346e+17 1.74792e-08 4.13097e+15 9.53391e-10 False  -1
2.28188e+17 1.72048e-08 4.71104e+15 1.103e-09 False  -1
2.37602e+17 1.68957e-08 4.7027e+15 1.10913e-09 False  -1
2.47586e+17 1.65552e-08 5.28205e+15 1.04571e-09 False  -1
2.57559e+17 1.62067e-08 4.69084e+15 8.74578e-10 False  -1
2.66939e+17 1.58776e-08 4.68845e+15 1.09614e-09 False  -1
2.76899e+17 1.5532e-08 5.27237e+15 9.53455e-10 False  -1
2.8686e+17 1.51942e-08 4.68843e+15 1.10968e-09 False  -1
2.96239e+17 1.48867e-08 4.69085e+15 1.53701e-09 False  -1
3.05624e+17 1.45922e-08 4.69327e+15 1.02531e-09 False  -1
3.15604e+17 1.42981e-08 5.28687e+15 9.49252e-10 False  -1
3.26183e+17 1.40044e-08 5.29294e+15 1.07252e-09 False  -1
3.37367e+17 1.37218e-08 5.89016e+15 1.02072e-09 False  -1
3.48568e+17 1.34641e-08 5.31107e+15 1.29701e-09 False  -1
3.58606e+17 1.32574e-08 4.72711e+15 1.23627e-09 False  -1
3.69255e+17 1.30634e-08 5.9216e+15 1.06657e-09 False  -1
3.79922e+17 1.28993e-08 4.74526e+15 1.22346e-09 False  -1
3.90609e+17 1.27034e-08 5.94215e+15 1.07761e-09 False  -1
4.01908e+17 1.2568e-08 5.357e+15 1.22775e-09 False  -1
4.13228e+17 1.24874e-08 5.9627e+15 1.10814e-09 False  -1
4.23968e+17 1.24183e-08 4.7779e+15 1.7858e-09 False  -1
4.34727e+17 1.23514e-08 5.98084e+15 1.31621e-09 False  -1
4.46099e+17 1.22969e-08 5.39084e+15 1.40726e-09 False  -1
4.58687e+17 1.22452e-08 7.19708e+15 2.08434e-09 False  -1
4.73693e+17 1.22145e-08 7.80882e+15 1.34361e-09 False  -1
4.8932e+17 1.22154e-08 7.8185e+15 1.71572e-09 False  -1
5.04363e+17 1.22312e-08 7.22489e+15 1.57335e-09 False  -1
5.17614e+17 1.22548e-08 6.02557e+15 1.63007e-09 False  -1
5.30875e+17 1.23074e-08 7.23576e+15 1.59211e-09 False  -1
5.44747e+17 1.23525e-08 6.63612e+15 2.07248e-09 False  -1
5.6104e+17 1.24165e-08 9.65732e+15 2.32833e-09 False  -1
5.76132e+17 1.24816e-08 5.43438e+15 2.3157e-09 False  -1
5.87002e+17 1.2528e-08 5.43559e+15 2.42205e-09 False  -1
6.02104e+17 1.26076e-08 9.66583e+15 2.03069e-09 False  -1
6.17811e+17 1.26943e-08 6.04127e+15 2.35198e-09 False  -1
6.29291e+17 1.27524e-08 5.43922e+15 2.63248e-09 False  -1
6.40773e+17 1.28113e-08 6.04249e+15 2.39425e-09 False  -1
6.52859e+17 1.28832e-08 6.0437e+15 2.54291e-09 False  -1
6.65551e+17 1.29544e-08 6.6482e+15 2.47584e-09 False  -1
6.81265e+17 1.30433e-08 9.06616e+15 1.94508e-09 False  -1
6.96376e+17 1.31292e-08 6.04491e+15 2.84867e-09 False  -1
7.1028e+17 1.3211e-08 7.85839e+15 2.29035e-09 False  -1
7.24786e+17 1.3287e-08 6.6482e+15 2.7268e-09 False  -1
7.4292e+17 1.3394e-08 1.14853e+16 3.23975e-09 False  -1
7.62263e+17 1.34979e-08 7.85839e+15 2.58536e-09 False  -1
7.7798e+17 1.35879e-08 7.85839e+15 2.64791e-09 False  -1
7.93697e+17 1.36771e-08 7.85839e+15 2.80714e-09 False  -1
8.10018e+17 1.37605e-08 8.46287e+15 2.65191e-09 False  -1
8.27549e+17 1.38578e-08 9.06737e+15 2.67929e-09 False  -1
8.48101e+17 1.39683e-08 1.14853e+16 2.12866e-09 False  -1
8.68049e+17 1.40695e-08 8.46287e+15 3.17483e-09 False  -1
8.86184e+17 1.41675e-08 9.67185e+15 2.7702e-09 False  -1
9.04923e+17 1.42614e-08 9.06737e+15 3.00364e-09 False  -1
9.22454e+17 1.43476e-08 8.46287e+15 5.53553e-09 False  -1
9.4482e+17 1.44615e-08 1.39033e+16 2.16728e-09 False  -1
9.70813e+17 1.45909e-08 1.20898e+16 2.57002e-09 False  -1
9.90761e+17 1.46845e-08 7.85839e+15 6.86243e-09 False  -1
1.00708e+18 1.47668e-08 8.46284e+15 3.9322e-09 False  -1
1.03066e+18 1.48747e-08 1.51123e+16 2.34374e-09 False  -1
1.05846e+18 1.50056e-08 1.26943e+16 2.88139e-09 False  -1
1.08264e+18 1.5117e-08 1.14854e+16 3.39862e-09 False  -1
1.10682e+18 1.52261e-08 1.26943e+16 3.15276e-09 False  -1
1.1304e+18 1.53317e-08 1.08808e+16 3.83724e-09 False  -1
1.15095e+18 1.54241e-08 9.67191e+15 4.56181e-09 False  -1
1.17392e+18 1.5521e-08 1.32988e+16 3.38145e-09 False  -1
1.20777e+18 1.56671e-08 2.05527e+16 2.32091e-09 False  -1
1.24767e+18 1.58356e-08 1.93437e+16 2.65448e-09 False  -1
1.28394e+18 1.59856e-08 1.69258e+16 3.2339e-09 False  -1
1.31779e+18 1.61244e-08 1.69257e+16 3.41591e-09 False  -1
1.35225e+18 1.62605e-08 1.75302e+16 3.49719e-09 False  -1
1.39154e+18 1.64157e-08 2.17617e+16 3.02325e-09 False  -1
1.43204e+18 1.65736e-08 1.87393e+16 3.77641e-09 False  -1
1.46891e+18 1.67128e-08 1.81347e+16 6.90895e-09 False  -1
1.50458e+18 1.68461e-08 1.75302e+16 7.61169e-09 False  -1
1.54689e+18 1.70021e-08 2.47841e+16 5.81601e-09 False  -1
1.59948e+18 1.71923e-08 2.78066e+16 3.53496e-09 False  -1
1.6551e+18 1.73901e-08 2.78066e+16 8.33402e-09 False  -1
1.72099e+18 1.7617e-08 3.8083e+16 5.46119e-09 False  -1
1.78929e+18 1.78488e-08 3.02246e+16 4.87088e-09 False  -1
1.86062e+18 1.8084e-08 4.11054e+16 4.22289e-09 False  -1
1.95795e+18 1.83954e-08 5.62177e+16 3.86096e-09 False  -1
2.07764e+18 1.87668e-08 6.34715e+16 4.58026e-09 False  -1
2.25113e+18 1.92763e-08 1.10018e+17 3.82937e-09 False  -1
2.99405e+18 2.10031e-08 6.32902e+17 4.15693e-09 False  -1
4.42496e+14 3.30719e-10 5.00007e+11 1.32748e-12 False  -1
4.87495e+14 3.76791e-10 5.00007e+11 2.43739e-12 False  -1
5.15495e+14 4.0766e-10 4.99979e+11 1.03101e-12 False  -1
5.32495e+14 4.27203e-10 4.99979e+11 1.59752e-12 False  -1
5.76494e+14 4.8049e-10 5.00007e+11 2.88237e-12 False  -1
6.27494e+14 5.46865e-10 4.99979e+11 1.88252e-12 False  -1
7.00493e+14 6.49591e-10 5.00007e+11 4.97332e-11 False  -1
1.55988e+15 2.04453e-09 4.99996e+12 7.79935e-11 False  -1
8.52333e+18 4.11404e-08 1.02764e+18 1.22685e-09 False  -1
1.08204e+19 4.3265e-08 1.26943e+18 1.3164e-09 False  -1
1.35406e+19 4.44529e-08 1.45078e+18 1.33011e-09 False  -1
1.68653e+19 4.42051e-08 1.87392e+18 1.33495e-09 False  -1
2.11572e+19 4.16385e-08 2.41796e+18 1.26671e-09 False  -1
2.65372e+19 3.63753e-08 2.96201e+18 1.08424e-09 False  -1
3.3247e+19 2.89504e-08 3.74785e+18 8.63995e-10 False  -1
4.20726e+19 2.05352e-08 5.07773e+18 6.88791e-10 False  -1
5.29534e+19 1.35908e-08 5.80312e+18 7.33259e-10 False  -1
6.60709e+19 9.63828e-09 7.31434e+18 1.1203e-09 False  -1
8.3178e+19 8.13553e-09 9.79276e+18 1.8743e-09 False  -1
