SED_MAXIJ1820v09.ecsv
# %ECSV 0.9
# ---
# datatype:
# - {name: x, unit: Hz, datatype: float64}
# - {name: y, unit: erg/(cm2 s) , datatype: float64}
# - {name: dx, unit: Hz , datatype: float64}
# - {name: dy, unit: erg/(cm2 s) ,datatype: float64}
# - {name: UL, datatype: bool}
# - {name: data_set, datatype: string}
# meta: !!omap
# - {z: 0.0000000000001 }
# - {restframe: obs}
# - {data_scale: lin-lin}
# - {obj_name: '1642p3948,MAXI J1820+070'}
# schema: astropy-2.0
x y dx dy UL data_set
4.7000e+09  2.2043e-15 5.00e+08 2.2090e-16 False -1
7.5000e+09  3.6600e-15 5.00e+08 2.2090e-16 False -1
8.5000e+09  4.0715e-15 5.00e+08 4.0800e-16 False -1
1.1000e+10  5.3130e-15 5.00e+08 5.2800e-16 False -1
2.0700e+10  1.0868e-14 5.00e+08 1.1178e-15 False -1
2.5500e+10  1.3540e-14 5.00e+08 1.3770e-15 False -1
336.00e+09  3.8976E-13 1.00e+09 2.0160E-14 False -1
338.00e+09  3.8532E-13 1.00e+09 2.0280E-14 False -1
348.00e+09  4.0037E-13 1.00e+09 2.0880E-14 False -1
350.00e+09  3.8500E-13 1.00e+09 2.1000E-14 False -1
26023650868055.555 9.810916377256945e-11  0.00e+09 9.810916377256946e-12 False -1
28149526572769.953 1.0147904329483567e-10  0.00e+09 1.0147904329483567e-11 False -1
34379869036697.242 1.0313960711009173e-10  0.00e+09 1.0313960711009174e-11 False -1
61812877938144.336 1.740032513958763e-10  0.00e+09  1.740032513958763e-11 False -1
1.3700E+14  1.2600E-10 0.00e+09 2.7400E-13 False -1
1.8100E+14  1.3700E-10 0.00e+09 2.1700E-12 False -1
2.4000E+14  1.5600E-10 0.00e+09 7.2000E-13 False -1
2.8600E+14  1.8100E-10 0.00e+09 2.1700E-12 False -1
2.4000E+14  1.5600E-10 0.00e+09 1.7200E-12 False -1
3.7900E+14  2.6100E-10 0.00e+09 2.6100E-12 False -1
4.0000E+14  2.8400E-10 0.00e+09 8.0000E-13 False -1
4.4200E+14  3.2800E-10 0.00e+09 1.3300E-12 False -1
4.8700E+14  3.7700E-10 0.00e+09 2.4400E-12 False -1
5.1500E+14  4.0900E-10 0.00e+09 1.0300E-12 False -1
5.3200E+14  4.2700E-10 0.00e+09 1.6000E-12 False -1
5.7600E+14  4.7900E-10 0.00e+09 2.8800E-12 False -1
6.2700E+14  5.4400E-10 0.00e+09 1.8800E-12 False -1
7.0000E+14  6.6600E-10 0.00e+09 2.8000E-12 False -1
1.29175e+17 7.21095e-09 6.77115e+15 4.28883e-10 False -1
1.40227e+17 7.03838e-09 4.28041e+15 5.434e-10 False -1
1.49373e+17 7.21321e-09 4.86603e+15 5.43043e-10 False -1
1.59079e+17 7.3247e-09 4.83992e+15 6.27438e-10 False -1
1.68134e+17 9.93944e-09 4.21475e+15 6.64107e-10 False -1
1.76546e+17 9.63056e-09 4.19747e+15 6.62995e-10 False -1
1.84925e+17 9.78116e-09 4.18151e+15 7.6848e-10 False -1
1.93274e+17 1.07697e-08 4.167e+15 7.46746e-10 False -1
2.02187e+17 1.18937e-08 4.74622e+15 7.61418e-10 False -1
2.11074e+17 1.43034e-08 4.14088e+15 1.00019e-09 False -1
2.19346e+17 1.1393e-08 4.13097e+15 9.40699e-10 False -1
2.28188e+17 9.52995e-09 4.71104e+15 1.09831e-09 False -1
2.37602e+17 1.08699e-08 4.7027e+15 1.10758e-09 False -1
2.47586e+17 1.30518e-08 5.28205e+15 1.04487e-09 False -1
2.57559e+17 1.1055e-08 4.69084e+15 8.73971e-10 False -1
2.66939e+17 1.6425e-08 4.68845e+15 1.095e-09 False -1
2.76899e+17 1.31982e-08 5.27237e+15 9.52495e-10 False -1
2.8686e+17 1.09055e-08 4.68843e+15 1.10855e-09 False -1
2.96239e+17 1.00306e-08 4.69085e+15 1.53583e-09 False -1
3.05624e+17 1.16036e-08 4.69327e+15 1.02563e-09 False -1
3.15604e+17 1.06043e-08 5.28687e+15 9.48478e-10 False -1
3.26183e+17 1.27796e-08 5.29294e+15 1.06868e-09 False -1
3.37367e+17 1.21854e-08 5.89016e+15 1.019e-09 False -1
3.48568e+17 1.17382e-08 5.31107e+15 1.2955e-09 False -1
3.58606e+17 1.28946e-08 4.72711e+15 1.23508e-09 False -1
3.69255e+17 1.1329e-08 5.9216e+15 1.06575e-09 False -1
3.79922e+17 1.11903e-08 4.74526e+15 1.22096e-09 False -1
3.90609e+17 1.03359e-08 5.94215e+15 1.07759e-09 False -1
4.01908e+17 1.15212e-08 5.357e+15 1.22816e-09 False -1
4.13228e+17 9.96753e-09 5.9627e+15 1.1075e-09 False -1
4.23968e+17 1.17617e-08 4.7779e+15 1.78359e-09 False -1
4.34727e+17 1.26958e-08 5.98084e+15 1.31649e-09 False -1
4.46099e+17 1.17626e-08 5.39084e+15 1.4059e-09 False -1
4.58687e+17 9.32856e-09 7.19708e+15 2.07995e-09 False -1
4.73693e+17 1.27394e-08 7.80882e+15 1.34285e-09 False -1
4.8932e+17 1.18411e-08 7.8185e+15 1.71469e-09 False -1
5.04363e+17 1.41537e-08 7.22489e+15 1.57264e-09 False -1
5.17614e+17 1.17522e-08 6.02557e+15 1.62974e-09 False -1
5.30875e+17 1.19103e-08 7.23576e+15 1.59158e-09 False -1
5.44747e+17 1.53661e-08 6.63612e+15 2.07197e-09 False -1
5.6104e+17 1.11499e-08 9.65732e+15 2.32756e-09 False -1
5.76132e+17 1.15729e-08 5.43438e+15 2.31458e-09 False -1
5.87002e+17 1.23497e-08 5.43559e+15 2.42197e-09 False -1
6.02104e+17 1.50511e-08 9.66583e+15 2.0295e-09 False -1
6.17811e+17 1.22124e-08 6.04127e+15 2.35028e-09 False -1
6.29291e+17 1.34162e-08 5.43922e+15 2.63114e-09 False -1
6.40773e+17 1.19666e-08 6.04249e+15 2.39332e-09 False -1
6.52859e+17 1.29616e-08 6.0437e+15 2.54197e-09 False -1
6.65551e+17 1.28606e-08 6.6482e+15 2.47503e-09 False -1
6.81265e+17 1.02889e-08 9.06616e+15 1.94442e-09 False -1
6.96376e+17 1.42387e-08 6.04491e+15 2.84774e-09 False -1
7.1028e+17 1.1675e-08 7.85839e+15 2.28965e-09 False -1
7.24786e+17 1.36305e-08 6.6482e+15 2.7261e-09 False -1
7.4292e+17 1.52671e-08 1.14853e+16 3.23905e-09 False -1
7.62263e+17 1.31814e-08 7.85839e+15 2.58508e-09 False -1
7.7798e+17 1.32365e-08 7.85839e+15 2.6473e-09 False -1
7.93697e+17 1.43104e-08 7.85839e+15 2.8065e-09 False -1
8.10018e+17 1.32576e-08 8.46287e+15 2.65152e-09 False -1
8.27549e+17 1.39199e-08 9.06737e+15 2.67888e-09 False -1
8.48101e+17 1.0642e-08 1.14853e+16 2.1284e-09 False -1
8.68049e+17 1.67976e-08 8.46287e+15 3.17444e-09 False -1
8.86184e+17 1.41239e-08 9.67185e+15 2.76992e-09 False -1
9.04923e+17 1.50168e-08 9.06737e+15 3.00336e-09 False -1
9.22454e+17 1.22633e-08 8.46287e+15 5.53522e-09 False -1
9.4482e+17 1.10502e-08 1.39033e+16 2.16713e-09 False -1
9.70813e+17 1.28497e-08 1.20898e+16 2.56995e-09 False -1
9.90761e+17 1.5914e-08 7.85839e+15 6.86168e-09 False -1
1.00708e+18 1.96599e-08 8.46284e+15 3.93198e-09 False -1
1.03066e+18 1.19502e-08 1.51123e+16 2.34363e-09 False -1
1.05846e+18 1.44066e-08 1.26943e+16 2.88132e-09 False -1
1.08264e+18 1.73289e-08 1.14854e+16 3.39848e-09 False -1
1.10682e+18 1.57635e-08 1.26943e+16 3.1527e-09 False -1
1.1304e+18 1.91857e-08 1.08808e+16 3.83713e-09 False -1
1.15095e+18 2.32602e-08 9.67191e+15 4.5617e-09 False -1
1.17392e+18 1.69071e-08 1.32988e+16 3.38142e-09 False -1
1.20777e+18 1.16044e-08 2.05527e+16 2.32088e-09 False -1
1.24767e+18 1.32722e-08 1.93437e+16 2.65445e-09 False -1
1.28394e+18 1.61696e-08 1.69258e+16 3.23391e-09 False -1
1.31779e+18 1.70794e-08 1.69257e+16 3.41589e-09 False -1
1.35225e+18 1.7486e-08 1.75302e+16 3.49721e-09 False -1
1.39154e+18 1.51164e-08 2.17617e+16 3.02328e-09 False -1
1.43204e+18 1.88821e-08 1.87393e+16 3.77642e-09 False -1
1.46891e+18 1.5307e-08 1.81347e+16 6.90903e-09 False -1
1.50458e+18 1.68638e-08 1.75302e+16 7.61168e-09 False -1
1.54689e+18 1.28856e-08 2.47841e+16 5.81608e-09 False -1
1.59948e+18 1.80251e-08 2.78066e+16 3.53501e-09 False -1
1.6551e+18 9.97553e-09 2.78066e+16 8.33427e-09 False -1
1.72099e+18 1.2099e-08 3.8083e+16 5.46104e-09 False -1
1.78929e+18 2.43542e-08 3.02246e+16 4.87083e-09 False -1
1.86062e+18 2.11148e-08 4.11054e+16 4.22297e-09 False -1
1.95795e+18 1.93053e-08 5.62177e+16 3.86106e-09 False -1
2.07764e+18 2.33553e-08 6.34715e+16 4.58035e-09 False -1
2.25113e+18 1.91476e-08 1.10018e+17 3.82952e-09 False -1
2.99405e+18 2.27825e-08 6.32902e+17 4.1595e-09 False -1
7.64077e+17 1.29873e-08 2.90156e+16 4.13425e-10 False -1
8.12436e+17 1.36901e-08 1.93437e+16 4.4173e-10 False -1
8.51124e+17 1.44862e-08 1.93437e+16 4.6789e-10 False -1
8.89811e+17 1.44086e-08 1.93437e+16 4.64903e-10 False -1
9.28499e+17 1.41348e-08 1.93437e+16 4.57063e-10 False -1
9.67186e+17 1.401e-08 1.93437e+16 4.53201e-10 False -1
1.00587e+18 1.36532e-08 1.93437e+16 4.41665e-10 False -1
1.04456e+18 1.33109e-08 1.93438e+16 4.31531e-10 False -1
1.08325e+18 1.30804e-08 1.93437e+16 4.25033e-10 False -1
1.12194e+18 1.22243e-08 1.93437e+16 3.97085e-10 False -1
1.16062e+18 1.26214e-08 1.93438e+16 4.1151e-10 False -1
1.19931e+18 1.24397e-08 1.93437e+16 4.08764e-10 False -1
1.238e+18   1.24424e-08 1.93437e+16 4.11589e-10 False -1
1.27669e+18 1.28291e-08 1.93438e+16 4.26846e-10 False -1
1.31537e+18 1.3422e-08 1.93437e+16 4.48319e-10 False -1
1.35406e+18 1.36872e-08 1.93437e+16 4.61741e-10 False -1
1.39275e+18 1.38422e-08 1.93438e+16 4.70683e-10 False -1
1.44111e+18 1.4893e-08 2.90156e+16 4.96721e-10 False -1
1.49914e+18 1.72317e-08 2.90156e+16 5.79783e-10 False -1
1.55717e+18 1.98788e-08 2.90156e+16 6.75145e-10 False -1
1.6152e+18  1.96743e-08 2.90156e+16 6.72955e-10 False -1
1.67323e+18 1.687e-08 2.90156e+16 5.82613e-10 False -1
1.73126e+18 1.50576e-08 2.90156e+16 5.25663e-10 False -1
1.79897e+18 1.5175e-08 3.86874e+16 5.24634e-10 False -1
1.86667e+18 1.59469e-08 2.90156e+16 5.70619e-10 False -1
1.93437e+18 1.46393e-08 3.86874e+16 5.09719e-10 False -1
2.01658e+18 1.54307e-08 4.35234e+16 5.3785e-10 False -1
2.10847e+18 1.65661e-08 4.83593e+16 5.78461e-10 False -1
2.19309e+18 1.70537e-08 3.62695e+16 6.13359e-10 False -1
2.26563e+18 1.74593e-08 3.62695e+16 6.29838e-10 False -1
2.33817e+18 1.7323e-08 3.62694e+16 6.29349e-10 False -1
2.42522e+18 1.78176e-08 5.07773e+16 6.3133e-10 False -1
2.51468e+18 1.81289e-08 3.86875e+16 6.61172e-10 False -1
2.6114e+18 1.8716e-08 5.80311e+16 6.62184e-10 False -1
2.74681e+18 1.92898e-08 7.73749e+16 6.7192e-10 False -1
2.88221e+18 2.02507e-08 5.80311e+16 7.25384e-10 False -1
2.99828e+18 2.06774e-08 5.80312e+16 7.43934e-10 False -1
3.11434e+18 2.14729e-08 5.80311e+16 7.75137e-10 False -1
3.2304e+18 2.21526e-08 5.80312e+16 8.05781e-10 False -1
3.34646e+18 2.22945e-08 5.80311e+16 8.16608e-10 False -1
3.46253e+18 2.30866e-08 5.80312e+16 8.4902e-10 False -1
3.57859e+18 2.39008e-08 5.80311e+16 8.83555e-10 False -1
3.69949e+18 2.41567e-08 6.28671e+16 8.93037e-10 False -1
3.88809e+18 2.76034e-08 1.25734e+17 9.80293e-10 False -1
4.07669e+18 2.84559e-08 6.28671e+16 1.08241e-09 False -1
4.23386e+18 2.82915e-08 9.43005e+16 1.03864e-09 False -1
4.39102e+18 2.89836e-08 6.28671e+16 1.13596e-09 False -1
4.54819e+18 2.84058e-08 9.43007e+16 1.07357e-09 False -1
4.73679e+18 2.89159e-08 9.43005e+16 1.09531e-09 False -1
4.92539e+18 2.80823e-08 9.43007e+16 1.07716e-09 False -1
5.114e+18 2.88209e-08 9.43007e+16 1.11608e-09 False -1
5.3026e+18 3.00277e-08 9.43005e+16 1.17382e-09 False -1
5.4912e+18 2.9963e-08 9.43007e+16 1.20071e-09 False -1
5.70398e+18 3.20453e-08 1.1848e+17 1.24775e-09 False -1
5.95303e+18 3.2683e-08 1.3057e+17 1.28844e-09 False -1
6.21417e+18 3.5e-08 1.3057e+17 1.43472e-09 False -1
6.47531e+18 3.4965e-08 1.3057e+17 1.48353e-09 False -1
6.73645e+18 3.6941e-08 1.3057e+17 1.60795e-09 False -1
6.99759e+18 3.71456e-08 1.3057e+17 1.67435e-09 False -1
8.52333e+18 4.09903e-08 1.02764e+18 4.11427e-10 False -1
1.08204e+19 4.39295e-08 1.26943e+18 4.41362e-10 False -1
1.35406e+19 4.43355e-08 1.45078e+18 4.46839e-10 False -1
1.68653e+19 4.44412e-08 1.87392e+18 4.49416e-10 False -1
2.11572e+19 4.21303e-08 2.41796e+18 4.28492e-10 False -1
2.65372e+19 3.59942e-08 2.96201e+18 3.72873e-10 False -1
3.3247e+19 2.83734e-08 3.74785e+18 3.26484e-10 False -1
4.20726e+19 2.09662e-08 5.07773e+18 3.64907e-10 False -1
5.29534e+19 1.44464e-08 5.80312e+18 6.28839e-10 False -1
6.60709e+19 9.7522e-09 7.31434e+18 1.13257e-09 False -1
8.3178e+19 6.72962e-09 9.79276e+18 1.99095e-09 False -1
1.0452e+20 1.01179e-08 1.15458e+19 0.00000e-09 True  -1
1.3093e+20 6.00056e-09 1.48705e+19 5.25994e-09 False -1
1.6478e+20 2.22454e-08 1.89810e+19 0.00000e-08 True  -1
2.0746e+20 4.01865e-08 2.36961e+19 0.00000e-08 True  -1
2.4E+23 2E-9 1E23 0 True  -1