SED_MAXIJ1820v09_deabs.ecsv
# %ECSV 0.9
# ---
# datatype:
# - {name: x, unit: Hz, datatype: float64}
# - {name: y, unit: erg/(cm2 s) , datatype: float64}
# - {name: dx, unit: Hz , datatype: float64}
# - {name: dy, unit: erg/(cm2 s) ,datatype: float64}
# - {name: UL, datatype: bool}
# - {name: data_set, datatype: string}
# meta: !!omap
# - {z: 0.0000000000001 }
# - {restframe: obs}
# - {data_scale: lin-lin}
# - {obj_name: '1642p3948,MAXI J1820+070'}
# schema: astropy-2.0
x y dx dy UL data_set
4.7000e+09  2.2043e-15 5.00e+08 2.2090e-16 False -1
7.5000e+09  3.6600e-15 5.00e+08 2.2090e-16 False -1
8.5000e+09  4.0715e-15 5.00e+08 4.0800e-16 False -1
1.1000e+10  5.3130e-15 5.00e+08 5.2800e-16 False -1
2.0700e+10  1.0868e-14 5.00e+08 1.1178e-15 False -1
2.5500e+10  1.3540e-14 5.00e+08 1.3770e-15 False -1
336.00e+09  3.8976E-13 1.00e+09 2.0160E-14 False -1
338.00e+09  3.8532E-13 1.00e+09 2.0280E-14 False -1
348.00e+09  4.0037E-13 1.00e+09 2.0880E-14 False -1
350.00e+09  3.8500E-13 1.00e+09 2.1000E-14 False -1
26023650868055.555 9.810916377256945e-11  0.00e+09 9.810916377256946e-12 False -1
28149526572769.953 1.0147904329483567e-10  0.00e+09 1.0147904329483567e-11 False -1
34379869036697.242 1.0313960711009173e-10  0.00e+09 1.0313960711009174e-11 False -1
61812877938144.336 1.740032513958763e-10  0.00e+09  1.740032513958763e-11 False -1
1.3700E+14  1.2600E-10 0.00e+09 2.7400E-13 False -1
1.8100E+14  1.3700E-10 0.00e+09 2.1700E-12 False -1
2.4000E+14  1.5600E-10 0.00e+09 7.2000E-13 False -1
2.8600E+14  1.8100E-10 0.00e+09 2.1700E-12 False -1
2.4000E+14  1.5600E-10 0.00e+09 1.7200E-12 False -1
3.7900E+14  2.6100E-10 0.00e+09 2.6100E-12 False -1
4.0000E+14  2.8400E-10 0.00e+09 8.0000E-13 False -1
4.4200E+14  3.2800E-10 0.00e+09 1.3300E-12 False -1
4.8700E+14  3.7700E-10 0.00e+09 2.4400E-12 False -1
5.1500E+14  4.0900E-10 0.00e+09 1.0300E-12 False -1
5.3200E+14  4.2700E-10 0.00e+09 1.6000E-12 False -1
5.7600E+14  4.7900E-10 0.00e+09 2.8800E-12 False -1
6.2700E+14  5.4400E-10 0.00e+09 1.8800E-12 False -1
7.0000E+14  6.6600E-10 0.00e+09 2.8000E-12 False -1
1.29175e+17 7.34788e-09 6.77115e+15 4.37027e-10 False  -1
1.40227e+17 8.04622e-09 4.28041e+15 6.2121e-10 False  -1
1.49373e+17 7.65407e-09 4.86603e+15 5.76232e-10 False  -1
1.59079e+17 7.5173e-09 4.83992e+15 6.43936e-10 False  -1
1.68134e+17 9.93748e-09 4.21475e+15 6.63975e-10 False  -1
1.76546e+17 9.85394e-09 4.19747e+15 6.78374e-10 False  -1
1.84925e+17 9.9697e-09 4.18151e+15 7.83292e-10 False  -1
1.93274e+17 1.08231e-08 4.167e+15 7.50449e-10 False  -1
2.02187e+17 1.17901e-08 4.74622e+15 7.54786e-10 False  -1
2.11074e+17 1.44424e-08 4.14088e+15 1.00991e-09 False  -1
2.19346e+17 1.15486e-08 4.13097e+15 9.53553e-10 False  -1
2.28188e+17 9.57125e-09 4.71104e+15 1.10307e-09 False  -1
2.37602e+17 1.0885e-08 4.7027e+15 1.10911e-09 False  -1
2.47586e+17 1.30614e-08 5.28205e+15 1.04564e-09 False  -1
2.57559e+17 1.10616e-08 4.69084e+15 8.745e-10 False  -1
2.66939e+17 1.64411e-08 4.68845e+15 1.09607e-09 False  -1
2.76899e+17 1.32107e-08 5.27237e+15 9.53403e-10 False  -1
2.8686e+17 1.09162e-08 4.68843e+15 1.10964e-09 False  -1
2.96239e+17 1.00385e-08 4.69085e+15 1.53704e-09 False  -1
3.05624e+17 1.16011e-08 4.69327e+15 1.0254e-09 False  -1
3.15604e+17 1.0614e-08 5.28687e+15 9.49341e-10 False  -1
3.26183e+17 1.28273e-08 5.29294e+15 1.07267e-09 False  -1
3.37367e+17 1.22086e-08 5.89016e+15 1.02094e-09 False  -1
3.48568e+17 1.17545e-08 5.31107e+15 1.29729e-09 False  -1
3.58606e+17 1.29099e-08 4.72711e+15 1.23655e-09 False  -1
3.69255e+17 1.13397e-08 5.9216e+15 1.06675e-09 False  -1
3.79922e+17 1.12025e-08 4.74526e+15 1.2223e-09 False  -1
3.90609e+17 1.03473e-08 5.94215e+15 1.07878e-09 False  -1
4.01908e+17 1.15337e-08 5.357e+15 1.2295e-09 False  -1
4.13228e+17 9.97775e-09 5.9627e+15 1.10864e-09 False  -1
4.23968e+17 1.17686e-08 4.7779e+15 1.78463e-09 False  -1
4.34727e+17 1.26905e-08 5.98084e+15 1.31595e-09 False  -1
4.46099e+17 1.17716e-08 5.39084e+15 1.40698e-09 False  -1
4.58687e+17 9.34676e-09 7.19708e+15 2.08401e-09 False  -1
4.73693e+17 1.27517e-08 7.80882e+15 1.34415e-09 False  -1
4.8932e+17 1.18483e-08 7.8185e+15 1.71573e-09 False  -1
5.04363e+17 1.41588e-08 7.22489e+15 1.5732e-09 False  -1
5.17614e+17 1.17536e-08 6.02557e+15 1.62993e-09 False  -1
5.30875e+17 1.19093e-08 7.23576e+15 1.59145e-09 False  -1
5.44747e+17 1.53624e-08 6.63612e+15 2.07147e-09 False  -1
5.6104e+17 1.11487e-08 9.65732e+15 2.3273e-09 False  -1
5.76132e+17 1.15723e-08 5.43438e+15 2.31447e-09 False  -1
5.87002e+17 1.23461e-08 5.43559e+15 2.42126e-09 False  -1
6.02104e+17 1.50536e-08 9.66583e+15 2.02982e-09 False  -1
6.17811e+17 1.22158e-08 6.04127e+15 2.35093e-09 False  -1
6.29291e+17 1.3417e-08 5.43922e+15 2.63129e-09 False  -1
6.40773e+17 1.19663e-08 6.04249e+15 2.39327e-09 False  -1
6.52859e+17 1.29609e-08 6.0437e+15 2.54184e-09 False  -1
6.65551e+17 1.28597e-08 6.6482e+15 2.47485e-09 False  -1
6.81265e+17 1.02881e-08 9.06616e+15 1.94427e-09 False  -1
6.96376e+17 1.42377e-08 6.04491e+15 2.84754e-09 False  -1
7.1028e+17 1.1674e-08 7.85839e+15 2.28946e-09 False  -1
7.24786e+17 1.36292e-08 6.6482e+15 2.72584e-09 False  -1
7.4292e+17 1.52654e-08 1.14853e+16 3.23869e-09 False  -1
7.62263e+17 1.31791e-08 7.85839e+15 2.58463e-09 False  -1
7.7798e+17 1.32359e-08 7.85839e+15 2.64717e-09 False  -1
7.93697e+17 1.43096e-08 7.85839e+15 2.80634e-09 False  -1
8.10018e+17 1.32564e-08 8.46287e+15 2.65129e-09 False  -1
8.27549e+17 1.39186e-08 9.06737e+15 2.67863e-09 False  -1
8.48101e+17 1.0641e-08 1.14853e+16 2.1282e-09 False  -1
8.68049e+17 1.67961e-08 8.46287e+15 3.17416e-09 False  -1
8.86184e+17 1.41226e-08 9.67185e+15 2.76967e-09 False  -1
9.04923e+17 1.50156e-08 9.06737e+15 3.00311e-09 False  -1
9.22454e+17 1.22624e-08 8.46287e+15 5.53478e-09 False  -1
9.4482e+17 1.10493e-08 1.39033e+16 2.16694e-09 False  -1
9.70813e+17 1.28485e-08 1.20898e+16 2.5697e-09 False  -1
9.90761e+17 1.59137e-08 7.85839e+15 6.86154e-09 False  -1
1.00708e+18 1.96588e-08 8.46284e+15 3.93176e-09 False  -1
1.03066e+18 1.19496e-08 1.51123e+16 2.3435e-09 False  -1
1.05846e+18 1.44058e-08 1.26943e+16 2.88116e-09 False  -1
1.08264e+18 1.73281e-08 1.14854e+16 3.39831e-09 False  -1
1.10682e+18 1.57628e-08 1.26943e+16 3.15255e-09 False  -1
1.1304e+18 1.91848e-08 1.08808e+16 3.83697e-09 False  -1
1.15095e+18 2.32592e-08 9.67191e+15 4.56151e-09 False  -1
1.17392e+18 1.69065e-08 1.32988e+16 3.3813e-09 False  -1
1.20777e+18 1.1604e-08 2.05527e+16 2.32081e-09 False  -1
1.24767e+18 1.32719e-08 1.93437e+16 2.65438e-09 False  -1
1.28394e+18 1.61692e-08 1.69258e+16 3.23383e-09 False  -1
1.31779e+18 1.7079e-08 1.69257e+16 3.41581e-09 False  -1
1.35225e+18 1.74857e-08 1.75302e+16 3.49715e-09 False  -1
1.39154e+18 1.51162e-08 2.17617e+16 3.02323e-09 False  -1
1.43204e+18 1.88818e-08 1.87393e+16 3.77636e-09 False  -1
1.46891e+18 1.5307e-08 1.81347e+16 6.90901e-09 False  -1
1.50458e+18 1.68637e-08 1.75302e+16 7.61165e-09 False  -1
1.54689e+18 1.28856e-08 2.47841e+16 5.81608e-09 False  -1
1.59948e+18 1.80252e-08 2.78066e+16 3.53503e-09 False  -1
1.6551e+18 9.97541e-09 2.78066e+16 8.33418e-09 False  -1
1.72099e+18 1.20997e-08 3.8083e+16 5.46137e-09 False  -1
1.78929e+18 2.43551e-08 3.02246e+16 4.87103e-09 False  -1
1.86062e+18 2.11153e-08 4.11054e+16 4.22305e-09 False  -1
1.95795e+18 1.93058e-08 5.62177e+16 3.86116e-09 False  -1
2.07764e+18 2.33562e-08 6.34715e+16 4.58053e-09 False  -1
2.25113e+18 1.91491e-08 1.10018e+17 3.82982e-09 False  -1
2.99405e+18 2.28251e-08 6.32902e+17 4.16727e-09 False  -1
1.238e+18 1.80558e-08 1.93437e+16 5.94254e-10 False  -1
1.27669e+18 1.85389e-08 1.93438e+16 6.14991e-10 False  -1
1.31537e+18 1.89189e-08 1.93437e+16 6.32776e-10 False  -1
1.35406e+18 2.01527e-08 1.93437e+16 6.82917e-10 False  -1
1.39275e+18 1.96948e-08 1.93438e+16 6.72263e-10 False  -1
1.43144e+18 1.95913e-08 1.93437e+16 6.73864e-10 False  -1
1.47012e+18 1.9879e-08 1.93437e+16 6.86774e-10 False  -1
1.50881e+18 1.95911e-08 1.93438e+16 6.80816e-10 False  -1
1.5475e+18 1.97337e-08 1.93437e+16 6.86973e-10 False  -1
1.58619e+18 1.96413e-08 1.93437e+16 6.86595e-10 False  -1
1.62487e+18 2.00166e-08 1.93438e+16 7.01604e-10 False  -1
1.66356e+18 1.99155e-08 1.93437e+16 7.02421e-10 False  -1
1.70225e+18 1.97438e-08 1.93437e+16 6.97076e-10 False  -1
1.74093e+18 1.98841e-08 1.93438e+16 7.06654e-10 False  -1
1.77962e+18 2.05491e-08 1.93437e+16 7.32263e-10 False  -1
1.81831e+18 2.16726e-08 1.93437e+16 7.80909e-10 False  -1
1.857e+18 2.09029e-08 1.93438e+16 7.53307e-10 False  -1
1.89568e+18 2.09145e-08 1.93437e+16 7.53617e-10 False  -1
1.93437e+18 1.9518e-08 1.93437e+16 6.98622e-10 False  -1
1.97306e+18 1.95568e-08 1.93437e+16 7.03305e-10 False  -1
2.01416e+18 2.00671e-08 2.17617e+16 7.16896e-10 False  -1
2.08429e+18 2.06643e-08 4.83593e+16 7.02164e-10 False  -1
2.30432e+18 2.15267e-08 1.71676e+17 7.00662e-10 False  -1
2.68878e+18 2.29574e-08 2.12781e+17 7.48259e-10 False  -1
3.13368e+18 2.46365e-08 2.32125e+17 8.04387e-10 False  -1
3.65838e+18 2.80509e-08 2.92574e+17 9.18757e-10 False  -1
4.26529e+18 3.32566e-08 3.14335e+17 1.10569e-09 False  -1
8.52333e+18 4.08446e-08 1.02764e+18 4.09965e-10 False  -1
1.08204e+19 4.38506e-08 1.26943e+18 4.40568e-10 False  -1
1.35406e+19 4.43229e-08 1.45078e+18 4.46712e-10 False  -1
1.68653e+19 4.44701e-08 1.87392e+18 4.49708e-10 False  -1
2.11572e+19 4.2152e-08 2.41796e+18 4.28712e-10 False  -1
2.65372e+19 3.59552e-08 2.96201e+18 3.72469e-10 False  -1
3.3247e+19 2.82749e-08 3.74785e+18 3.2535e-10 False  -1
4.20726e+19 2.10074e-08 5.07773e+18 3.65624e-10 False  -1
5.29534e+19 1.49603e-08 5.80312e+18 6.51209e-10 False  -1
6.60709e+19 1.07198e-08 7.31434e+18 1.24494e-09 False  -1
8.3178e+19 8.01882e-09 9.79276e+18 2.37235e-09 False  -1
1.04517e+20 1.35149e-08 1.15458e+19 4.50496e-09 True  -1
1.30933e+20 9.09649e-09 1.48705e+19 7.97375e-09 False  -1
1.64784e+20 3.71262e-08 1.8981e+19 1.23754e-08 True -1
2.07461e+20 6.33873e-08 2.36961e+19 2.11291e-08 True  -1